0 0.2824074074074074 0.28567708333333336 0.004629629629629629 0.005729166666666666
0 0.4412037037037037 0.29856770833333335 0.008333333333333333 0.00859375
0 0.47175925925925927 0.3028645833333333 0.003703703703703704 0.0020833333333333333
0 0.3800925925925926 0.33307291666666666 0.003703703703703704 0.005208333333333333
0 0.42291666666666666 0.3126302083333333 0.005092592592592593 0.0013020833333333333
0 0.3421296296296296 0.29322916666666665 0.006481481481481481 0.0015625
0 0.3680555555555556 0.29635416666666664 0.005555555555555556 0.0026041666666666665
0 0.3837962962962963 0.29375 0.006481481481481481 0.0015625
0 0.4060185185185185 0.2897135416666667 0.004629629629629629 0.00234375
0 0.40671296296296294 0.28346354166666665 0.005092592592592593 0.00390625
0 0.36342592592592593 0.28229166666666666 0.04537037037037037 0.007291666666666667
0 0.29097222222222224 0.27786458333333336 0.024537037037037038 0.004166666666666667