0 0.2690046296296296 0.2785078125 0.01120833333333335 0.013432291666666648
0 0.27205092592592595 0.28981510416666667 0.011453703703703707 0.009458333333333376
0 0.2776574074074074 0.29872656249999996 0.012912037037037083 0.009458333333333376
0 0.2828935185185185 0.30653906249999996 0.01364351851851853 0.005893229166666695
0 0.28630555555555554 0.31284375 0.01120833333333335 0.006166666666666624
0 0.29288425925925926 0.31935416666666666 0.01120833333333335 0.006304687500000009
0 0.298 0.32579427083333334 0.01072222222222226 0.006854166666666709
0 0.3029953703703704 0.3295651041666667 0.010962962962962992 0.003700520833333343
0 0.3096990740740741 0.33298958333333334 0.009259259259259259 0.005619791666666648
0 0.3149351851851852 0.33641666666666664 0.011453703703703707 0.004523437499999972
0 0.3226111111111111 0.3410078125 0.012185185185185157 0.007401041666666686
0 0.33040740740740737 0.3448463541666667 0.01364351851851853 0.009046874999999944
0 0.33881481481481485 0.34978125000000004 0.011453703703703707 0.006578125000000057
0 0.3478333333333334 0.3526588541666667 0.011939814814814797 0.006031249999999962
0 0.3548981481481482 0.35601822916666664 0.011453703703703707 0.0078125
0 0.3652546296296296 0.35958072916666667 0.02046759259259261 0.008635416666666628
0 0.3821898148148148 0.35882552083333336 0.016814814814814786 0.005757812500000033
0 0.3921805555555556 0.3557421875 0.01778703703703707 0.004250000000000043
0 0.4028981481481481 0.352796875 0.011939814814814797 0.004658854166666633
0 0.4132546296296296 0.3499166666666667 0.009745370370370349 0.005757812500000033
0 0.42239351851851853 0.34532552083333334 0.011939814814814797 0.005619791666666648
0 0.4290925925925926 0.3425859375 0.01120833333333335 0.005346354166666719
0 0.43725462962962963 0.3378567708333333 0.009504629629629616 0.005481770833333381
0 0.4482222222222222 0.3312083333333333 0.008527777777777811 0.005893229166666695
0 0.44249537037037034 0.334703125 0.01120833333333335 0.005208333333333333
0 0.45455555555555555 0.3266171875 0.009504629629629616 0.004111979166666657
0 0.4617453703703704 0.3216145833333333 0.008773148148148169 0.006442708333333277
0 0.46771296296296294 0.31702343749999995 0.00706481481481481 0.004111979166666657
0 0.4718564814814815 0.31297916666666664 0.009990740740740706 0.004796875000000019
0 0.4752685185185185 0.30825 0.007064814814814863 0.004111979166666657
0 0.4805046296296297 0.3049609375 0.005361111111111078 0.005208333333333333
0 0.4835509259259259 0.3007135416666667 0.00657870370370372 0.005481770833333381
0 0.48976388888888894 0.2957109375 0.006333333333333258 0.00397395833333339
0 0.5052407407407407 0.27001041666666664 0.009504629629629722 0.01946354166666664
0 0.49683333333333335 0.2871432291666667 0.01949537037037043 0.012882812499999948