0 0.4574675925925926 0.3491223958333334 0.051504629629629685 0.0029296875
0 0.49406944444444445 0.3614921875 0.002606481481481532 0.0026041666666666665
0 0.5026064814814816 0.3697916666666667 0.001736111111111111 0.0006510416666666666
0 0.5082453703703703 0.3753255208333333 0.0031851851851852357 0.00390625
0 0.5114305555555556 0.3772786458333333 0.0031851851851852357 0.0035807291666666665
0 0.5169259259259259 0.3678385416666667 0.0043425925925926435 0.0032552083333333335
0 0.53125 0.364828125 0.00636574074074074 0.0014661458333333618
0 0.5266203703703703 0.3927421875 0.004050925925925926 0.001953125
0 0.5313935185185185 0.3895677083333334 0.0031851851851852357 0.0011406250000000283
0 0.5141805555555556 0.394125 0.004629629629629629 0.0030937500000000283
0 0.5056435185185185 0.3905442708333334 0.004921296296296347 0.0027682291666666953
0 0.49667129629629625 0.3835442708333333 0.0014490740740741245 0.0014661458333333618
0 0.450125 0.3932890625 0.0021064814814814605 0.0010651041666667046
0 0.44928240740740744 0.3984375 0.0016851851851852316 0.00047395833333337595
0 0.45107407407407407 0.4009244791666667 0.0014722222222222517 0.00047395833333337595
0 0.45896296296296296 0.3997395833333333 0.0008425925925925631 0.00047395833333337595
0 0.4640138888888889 0.4256640625 0.0016851851851852316 0.005445312499999962
0 0.4652777777777778 0.4314036458333333 0.0033657407407407325 0.0003541666666666998
0 0.46590740740740744 0.4336536458333333 0.0033657407407407325 0.002013020833333338
0 0.4469675925925926 0.42418229166666666 0.00673611111111109 0.002486979166666714
0 0.454125 0.4264322916666667 0.007574074074074027 0.0029583333333333666
0 0.44528703703703704 0.4292734375 0.005050925925925964 0.0017760416666667094
0 0.47180092592592593 0.37215885416666666 0.002944444444444398 0.0016562500000000331
0 0.47400925925925924 0.3693776041666667 0.0014722222222222517 0.0008281249999999574
0 0.4785370370370371 0.3671875 0.002106481481481566 0.0009479166666666335
0 0.4731712962962963 0.3664192708333333 0.003578703703703712 0.0005911458333333286
0 0.48874074074074075 0.3574817708333333 0.001893518518518586 0.001893229166666662
0 0.48663888888888895 0.3593151041666667 0.0023148148148148147 0.0005911458333333286
0 0.4854814814814815 0.3603802083333333 0.002106481481481566 0.0008281249999999574
0 0.42298148148148146 0.39287500000000003 0.0033657407407407325 0.004023437499999952
0 0.48232407407407407 0.3965442708333333 0.0033657407407407325 0.0016562500000000331
0 0.4862175925925926 0.39873437500000003 0.003999999999999941 0.0015390624999999621
0 0.4881111111111111 0.4008046875 0.003999999999999941 0.002367187500000038
0 0.4825324074074074 0.40518489583333334 0.003787037037036961 0.0016562500000000331
0 0.44781018518518517 0.4362578125 0.005050925925925964 0.0010651041666667046
0 0.46906481481481477 0.4393359375 0.0025231481481481693 0.0008281249999999574
0 0.47485185185185186 0.440578125 0.006101851851851829 0.0011848958333333806
0 0.4595972222222222 0.4421171875 0.0021064814814814605 0.0009479166666666335
0 0.4488657407407407 0.4514088541666667 0.0016851851851852316 0.004143229166666628
0 0.4462314814814815 0.44300520833333334 0.0018935185185184806 0.0015390624999999621
0 0.5349305555555556 0.4389791666666667 0.002106481481481566 0.0010651041666667046
0 0.48779629629629634 0.4357838541666667 0.0033657407407407325 0.0008281249999999574
0 0.4904259259259259 0.4348359375 0.002736111111111044 0.0010651041666667046
0 0.4917916666666667 0.43519270833333334 0.0029444444444445034 0.0013020833333333333
0 0.49610648148148145 0.4353098958333333 0.0031574074074074833 0.0008281249999999574
0 0.4981064814814815 0.4348958333333333 0.0016851851851851262 0.0009479166666666335
0 0.5241990740740741 0.4205729166666667 0.002106481481481566 0.0009479166666666335
0 0.5173611111111112 0.41684375 0.003578703703703712 0.0015390624999999621
0 0.5147314814814814 0.41767187499999997 0.0029444444444445034 0.0017760416666667094
0 0.5006296296296295 0.4150677083333333 0.0033657407407407325 0.0013020833333333333
0 0.5036805555555556 0.4159557291666667 0.0031574074074074833 0.0014192708333332859
0 0.5059953703703703 0.4164296875 0.004421296296296381 0.0016562500000000331
0 0.5088379629629629 0.41761458333333334 0.0029444444444445034 0.00023697916666662878
0 0.5452453703703704 0.4428854166666667 0.0016851851851851262 0.0008281249999999574
0 0.526412037037037 0.4354869791666667 0.002736111111111044 0.002130208333333291
0 0.5095740740740741 0.4308125 0.0023148148148148147 0.002249999999999967
0 0.5117824074074074 0.4295104166666667 0.002523148148148064 0.0008281249999999574
0 0.545875 0.43448177083333334 0.0016851851851851262 0.0008281249999999574
0 0.5525046296296297 0.4406380208333333 0.0014722222222221465 0.0005911458333333286
0 0.5509259259259259 0.4421744791666667 0.002523148148148064 0.0008281249999999574
0 0.5551342592592592 0.4315807291666667 0.0012638888888888973 0.0014192708333332859
0 0.5229398148148148 0.4467916666666667 0.002523148148148064 0.0008281249999999574
0 0.52725 0.44756250000000003 0.0014722222222221465 0.0009479166666666335
0 0.5321990740740741 0.44809375 0.002106481481481566 0.0005911458333333286
0 0.5174675925925926 0.4496328125 0.002523148148148064 0.0008281249999999574
0 0.5281990740740741 0.45419010416666666 0.0012638888888888973 0.0009479166666666335
0 0.5176759259259259 0.446140625 0.0016851851851851262 0.0011848958333333806
0 0.5199907407407408 0.4464973958333333 0.0016851851851851262 0.0009479166666666335
0 0.5151527777777778 0.4458463541666667 0.002106481481481566 0.0008281249999999574
0 0.4211898148148148 0.6407421875 0.006944444444444444 0.003789062500000047
0 0.41950925925925925 0.6382578124999999 0.004837962962962984 0.0028411458333332954
0 0.43066203703703704 0.6413932291666666 0.007365740740740779 0.006747395833333295
0 0.4365509259259259 0.6405651041666667 0.006944444444444444 0.004854166666666752
0 0.46649537037037037 0.6438463541666667 0.009990740740740706 0.002054687500000085
0 0.4544351851851852 0.6428177083333334 0.005361111111111078 0.001919270833333305
0 0.4945185185185186 0.6437786458333333 0.04020370370370377 0.0010963541666666762
0 0.44225 0.6399401041666667 0.003898148148148182 0.0021927083333333525
0 0.2666898148148148 0.8135286458333333 0.003652777777777824 0.002054687500000085
0 0.2742453703703704 0.7958463541666667 0.005606481481481435 0.002054687500000085
0 0.34174074074074073 0.7541119791666666 0.003166666666666629 0.0021927083333333525