0 0.2713703703703704 0.3594661458333333 0.00699999999999995 0.004299479166666723
0 0.1532175925925926 0.5344869791666667 0.0023796296296296235 0.0021119791666665815
0 0.04337962962962963 0.794125 0.05521296296296297 0.01900000000000001
0 0.09593518518518518 0.8065208333333334 0.049898148148148164 0.012924479166666695
0 0.14514814814814814 0.8139947916666667 0.047837962962962985 0.011669270833333438
0 0.1029675925925926 0.7596927083333332 0.04749537037037036 0.02092968749999997
0 0.16177777777777777 0.774015625 0.008745370370370363 0.002122395833333239
0 0.6192546296296296 0.8224348958333334 0.02966203703703711 0.009260416666666771
0 0.5793055555555555 0.8298125 0.05024074074074073 0.011669270833333438
0 0.5122592592592593 0.8378177083333332 0.08350462962962958 0.010898437500000096
0 0.48904629629629626 0.8071015625 0.0045185185185186195 0.002158854166666657
0 0.49616203703703704 0.8067526041666666 0.0011296296296296549 0.0008255208333333522
0 0.48012499999999997 0.8044322916666666 0.0020324074074073483 0.0006354166666665624
0 0.47555555555555556 0.7976692708333334 0.002143518518518569 0.0013333333333333049
0 0.4779259259259259 0.7971302083333334 0.001240740740740665 0.0008880208333332955
0 0.4977962962962963 0.8091979166666667 0.0019212962962963384 0.0008880208333332955
0 0.5273240740740741 0.8011953125000001 0.0009027777777776936 0.0007630208333334091
0 0.5420972222222222 0.73215625 0.004972222222222121 0.0025078125000000282
0 0.5736898148148148 0.6169713541666667 0.10185185185185185 0.11458333333333333