0 0.6270833333333333 0.40625 0.031018518518518518 0.021875
0 0.1451388888888889 0.41015625 0.02824074074074074 0.013541666666666667
0 0.25254629629629627 0.4993489583333333 0.009722222222222222 0.007552083333333333
0 0.2659722222222222 0.49752604166666664 0.0060185185185185185 0.0018229166666666667
0 0.27847222222222223 0.5095052083333333 0.01712962962962963 0.010677083333333334
0 0.29606481481481484 0.5303385416666667 0.016203703703703703 0.007552083333333333
0 0.2983796296296296 0.488671875 0.00787037037037037 0.004427083333333333
0 0.18287037037037038 0.5393229166666667 0.02962962962962963 0.005208333333333333
0 0.5208333333333334 0.52890625 0.009259259259259259 0.004166666666666667
0 0.331712962962963 0.6122395833333333 0.004166666666666667 0.0036458333333333334
0 0.27361111111111114 0.6151041666666667 0.009259259259259259 0.0026041666666666665