0 0.27109375 0.359375 0.00703125 0.0046875
0 0.153125 0.534375 0.00234375 0.00234375
0 0.04375 0.79375 0.05546875 0.01875
0 0.09609375 0.80625 0.05 0.01328125
0 0.1453125 0.8140625 0.04765625 0.01171875
0 0.103125 0.759375 0.04765625 0.02109375
0 0.16171875 0.77421875 0.00859375 0.00234375
0 0.61953125 0.82265625 0.0296875 0.009375
0 0.5796875 0.8296875 0.05 0.01171875
0 0.5125 0.8375 0.08359375 0.0109375
0 0.4890625 0.80703125 0.0046875 0.00234375
0 0.49609375 0.80703125 0.00078125 0.00078125
0 0.48046875 0.8046875 0.00234375 0.00078125
0 0.47578125 0.79765625 0.00234375 0.0015625
0 0.478125 0.796875 0.0015625 0.00078125
0 0.49765625 0.809375 0.0015625 0.00078125
0 0.52734375 0.8015625 0.00078125 0.00078125
0 0.5421875 0.73203125 0.0046875 0.00234375
0 0.5734375 0.6171875 0.1015625 0.11484375